Views
1542094

216108
824036
163602
1681385
1038621
7992112

377543
3221113
609672

1253152
145029
4108596
3482355
30651274
20365913
4416275
31912471
2840820
17029336
42052067
1127329
6772115
890440
6458873
982997
7936014
17694177
5569680
29057171
6379485
16106760
2328469
6871075
12708817
5682814
3053411
1089129
656273
57020209
1066229
746712
121411547
583064374
72163233
98217805
238120179
271822346
73037802
54169733
102532107
71698525
1050218871
478033280
101669973
30951099
43139330
2776087
30004269
14167214
3398768
8609311
10398480
3924967
1414322
799993
13733685
2419574
1217374
1931161
734145
1086086
1197721
3905295
2438424
6312467
2400487
1726474
377543

412125
284229
51336
275840
513201
1212777
1672201
353712
1360632
2691711
100484373
2424321
36220457
3783719
43622112
7636962
5212075
7661335
1814514
4617271
2221660
6357972
479477
260955
296677
200521
164916
702870
379785
488990
397943
1921073
734948
312289
878809
3342129
1469313
Views
1142703
847809
606739
1527673
1547177
125282
564467
3296676
114524
761859
2159030
52842
552515
133656

30407358
3549200
3068566
4258071
10464054
8721143
3053861
14223210
1118635
13793877
1495008
1314519
843212
827372
1193000
2817254
2490064
1513064
388685
1067745
4573768
5659327
12405199
43666661
2235123
7676827
4627998
1824335
33183277
7668904
6539274
6934578
5621041
12825075
3129949
882240
581551
29362047
5724891
860555
3352524
8349293
1146215
2473064
1364100
19348425
38792319
16087104
11086619
38574643
11678597
10622247
14598640
1268285
19392854
5359986
10849222
4475970
3358985
3832529
250668
18249453
276950
242863
201231
156640
117480
5950526
31889204
1273204
564467
114524
2782959
6630434
2159030
2682870
552515
133656

207391
463959
520481
4055923
4661496
20930148
7011880
4762324
3581914
17179872
1853674
1211142
6628747
1629083
1453257
24528928
1271532
963535
